PEY,15.1400003433228,15.1400003433228,8.91707897186279,15.0299997329712,15.1499996185303,182700,2005-11-11
PEY,15.8500003814697,15.8800001144409,10.0037240982056,15.75,15.9099998474121,72800,2007-05-18
PEY,12.6499996185303,12.5299997329712,11.2504920959473,12.460000038147,12.6499996185303,132900,2015-09-01
PEY,8.68000030517578,8.6899995803833,6.6465950012207,8.67000007629395,8.72999954223633,135800,2011-06-03
PEY,13.5900001525879,13.5600004196167,12.0359334945679,13.5100002288818,13.6199998855591,98700,2015-04-16
PEY,17.1800003051758,17.2700004577637,16.8722743988037,17.1100006103516,17.2999992370605,163700,2018-02-13
PEY,17.2399997711182,17.3099994659424,16.9693336486816,17.2399997711182,17.3700008392334,139900,2018-03-16
PEY,16.3700008392334,16.2800006866455,10.0965614318848,16.2600002288818,16.4400005340576,95600,2006-12-18
PEY,10.8100004196167,10.789999961853,8.95879077911377,10.7200002670288,10.8100004196167,66600,2013-05-24
PEY,12.960000038147,12.8000001907349,8.35659885406494,11.960000038147,12.960000038147,43100,2008-02-15
PEY,15.3999996185303,15.3100004196167,9.6754264831543,15.2700004577637,15.4399995803833,69000,2007-06-26
PEY,6.28000020980835,6.32999992370605,4.43157386779785,6.28000020980835,6.40000009536743,46500,2009-06-11
PEY,7.84999990463257,7.78000020980835,5.63249731063843,7.75,7.90000009536743,214900,2010-01-21
PEY,8.1899995803833,8.27000045776367,6.40994834899902,8.14000034332275,8.3100004196167,531100,2011-10-05
PEY,16.9300003051758,17.0100002288818,16.0695152282715,16.9300003051758,17.0599994659424,166100,2017-01-20
PEY,11.9899997711182,11.9700002670288,10.2419109344482,11.9499998092651,12.0200004577637,87900,2014-03-27
PEY,13.960000038147,14.1300001144409,9.18765258789062,13.8199996948242,14.1599998474121,127100,2008-02-01
PEY,18.0400009155273,18.1399993896484,18.0839996337891,18.0300006866455,18.1599998474121,63800,2018-08-17
PEY,15.3500003814697,15.4099998474121,9.45300388336182,15.3500003814697,15.4399995803833,138000,2006-09-18
PEY,9.69999980926514,9.63000011444092,7.76562976837158,9.63000011444092,9.72000026702881,101900,2012-10-12
PEY,14.3800001144409,14.289999961853,8.41645050048828,14.2799997329712,14.4300003051758,111500,2005-10-18
PEY,15.8400001525879,15.8699998855591,9.96628093719482,15.710000038147,15.8900003433228,129400,2007-05-01
PEY,8.72000026702881,8.64000034332275,6.52648305892944,8.64000034332275,8.72999954223633,115000,2011-01-31
PEY,10.789999961853,10.8800001144409,7.19759225845337,10.7700004577637,10.9499998092651,112200,2008-05-22
PEY,16.5,16.3899993896484,15.3863830566406,16.3700008392334,16.5400009155273,602200,2016-12-01
PEY,15.1099996566772,15.0699996948242,8.8089656829834,15.0100002288818,15.1099996566772,150000,2005-06-21
PEY,11.0500001907349,11.1199998855591,9.34549903869629,11,11.1599998474121,198800,2013-09-23
PEY,12.7299995422363,12.2799997329712,7.98474216461182,12.2799997329712,12.7299995422363,79200,2008-01-17
PEY,16.1800003051758,16.1499996185303,10.0468864440918,16.1000003814697,16.2000007629395,73500,2007-01-17
PEY,16.8099994659424,16.7999992370605,16.5314483642578,16.75,16.9699993133545,212000,2018-03-27
PEY,7.21000003814697,7.67000007629395,5.21259832382202,7.09999990463257,7.71999979019165,47200,2008-12-05
PEY,16.9500007629395,16.9599990844727,16.1377506256104,16.9300003051758,16.9899997711182,2820100,2017-04-21
